BN	TN	SN	seqNum	exeType	prepTime	exeTime	iti	hand	cuePress	cueMask	press1	press2	press3	press4	press5	press6	RT	ET	MT	isError	timingError	points	response1	response2	response3	response4	response5	response6	pressTime1	pressTime2	pressTime3	pressTime4	pressTime5	pressTime6	timeThreshold	timeThresholdSuper	startTime	startTimeReal	trialDur	startTR	startTRtime	useMetronome	isCross	
1	1	15	3	1	4000	2500	1000	2	555555	******	5	5	5	5	5	5	534.000	1444.000	1978.000	0	0	2	5	5	5	5	5	5	4534.000	4838.000	5094.000	5328.000	5584.000	5842.000	0.000	0.000	10000	10000	7506	10	994	1	0	
1	2	15	2	0	8000	2500	2000	2	333333	******	3	3	3	3	3	3	0.000	0.000	0.000	0	0	1	0	0	0	0	0	0	0.000	0.000	0.000	0.000	0.000	0.000	0.000	0.000	17500	17510	12506	18	501	1	0	
1	3	15	6	0	4000	2500	1000	2	513153	******	5	1	3	1	5	3	0.000	0.000	0.000	0	0	1	0	0	0	0	0	0	0.000	0.000	0.000	0.000	0.000	0.000	0.000	0.000	30000	30020	7506	31	7	1	1	
1	4	15	5	1	4000	2500	4000	2	351531	******	3	5	1	5	3	1	684.000	1816.000	2500.000	1	0	0	5	1	2	5	4	3	4684.000	5542.000	5694.000	5834.000	5920.000	6478.000	0.000	0.000	37500	37532	10664	38	516	1	0	
1	5	15	3	1	6000	2500	1000	2	555555	******	5	5	5	5	5	5	382.000	1410.000	1792.000	0	0	2	5	5	5	5	5	5	6382.000	6660.000	6894.000	7148.000	7376.000	7642.000	0.000	0.000	48000	48200	9506	49	182	1	0	
1	6	15	3	0	4000	2500	1000	2	555555	******	5	5	5	5	5	5	0.000	0.000	0.000	0	0	1	0	0	0	0	0	0	0.000	0.000	0.000	0.000	0.000	0.000	0.000	0.000	57500	57710	7506	58	688	1	1	
1	7	15	1	1	6000	2500	4000	2	111111	******	1	1	1	1	1	1	400.000	1542.000	1942.000	0	0	2	1	1	1	1	1	1	6400.000	6678.000	6938.000	7214.000	7496.000	7772.000	0.000	0.000	65000	65220	12506	66	195	1	0	
1	8	15	2	0	6000	2500	4000	2	333333	******	3	3	3	3	3	3	0.000	0.000	0.000	0	0	1	0	0	0	0	0	0	0.000	0.000	0.000	0.000	0.000	0.000	0.000	0.000	77500	77730	12506	78	702	1	0	
1	9	15	4	1	4000	2500	1000	2	135315	******	1	3	5	3	1	5	464.000	1328.000	1792.000	0	0	2	1	3	5	3	1	5	4464.000	4736.000	4946.000	5384.000	5524.000	5668.000	0.000	0.000	90000	90239	7506	91	205	1	0	
1	10	15	4	0	4000	2500	4000	2	135315	******	1	3	5	3	1	5	0.000	0.000	0.000	0	0	1	0	0	0	0	0	0	0.000	0.000	0.000	0.000	0.000	0.000	0.000	0.000	97500	97750	10506	98	713	1	0	
1	11	15	1	1	4000	2500	8000	2	111111	******	1	1	1	1	1	1	488.000	1324.000	1812.000	0	0	2	1	1	1	1	1	1	4488.000	4728.000	4962.000	5204.000	5436.000	5666.000	0.000	0.000	108000	108260	14506	109	219	1	0	
1	12	15	6	1	4000	2500	1000	2	513153	******	5	1	3	1	5	3	338.000	1664.000	2002.000	0	0	2	5	1	3	1	5	3	4338.000	4602.000	4890.000	5304.000	5630.000	5870.000	0.000	0.000	122500	122770	7506	123	725	1	0	
1	13	15	5	1	4000	2500	8000	2	351531	******	3	5	1	5	3	1	584.000	1498.000	2082.000	1	0	0	3	5	1	5	1	3	4584.000	4842.000	5080.000	5490.000	5760.000	5942.000	0.000	0.000	130000	130280	14506	131	233	1	1	
1	14	15	1	0	8000	2500	2000	2	111111	******	1	1	1	1	1	1	0.000	0.000	0.000	0	0	1	0	0	0	0	0	0	0.000	0.000	0.000	0.000	0.000	0.000	0.000	0.000	144500	144790	12506	145	737	1	0	
1	15	15	5	0	4000	2500	2000	2	351531	******	3	5	1	5	3	1	0.000	0.000	0.000	0	0	1	0	0	0	0	0	0	0.000	0.000	0.000	0.000	0.000	0.000	0.000	0.000	157000	157300	8506	158	244	1	0	
1	16	15	4	1	6000	2500	2000	2	135315	******	1	3	5	3	1	5	520.000	1114.000	1634.000	0	0	2	1	3	5	3	1	5	6520.000	6726.000	6904.000	7242.000	7370.000	7466.000	0.000	0.000	165500	165810	10506	166	752	1	0	
1	17	15	4	1	6000	2500	1000	2	135315	******	1	3	5	3	1	5	584.000	1102.000	1686.000	0	0	2	1	3	5	3	1	5	6584.000	6746.000	6924.000	7296.000	7446.000	7558.000	0.000	0.000	176000	176320	9506	177	257	1	1	
1	18	15	6	1	4000	2500	16000	2	513153	******	5	1	3	1	5	3	526.000	1534.000	2060.000	0	0	2	5	1	3	1	5	3	4526.000	4868.000	5140.000	5592.000	5768.000	5926.000	0.000	0.000	185500	185830	22506	186	764	1	1	
1	19	15	2	1	4000	2500	1000	2	333333	******	3	3	3	3	3	3	370.000	1454.000	1824.000	0	0	2	3	3	3	3	3	3	4370.000	4610.000	4824.000	5044.000	5286.000	5518.000	0.000	0.000	208000	208340	7506	209	267	1	0	
1	20	15	2	1	4000	2500	2000	2	333333	******	3	3	3	3	3	3	518.000	1422.000	1940.000	0	0	2	3	3	3	3	3	3	4518.000	4748.000	4978.000	5232.000	5516.000	5806.000	0.000	0.000	215500	215852	8506	216	776	1	0	
1	21	15	2	1	6000	2500	1000	2	333333	******	3	3	3	3	3	3	384.000	1488.000	1872.000	0	0	2	3	3	3	3	3	3	6384.000	6636.000	6916.000	7208.000	7452.000	7738.000	0.000	0.000	224000	224362	9506	225	284	1	1	
1	22	15	3	0	8000	2500	1000	2	555555	******	5	5	5	5	5	5	740.000	0.000	740.000	1	1	-1	0	0	0	0	0	0	8740.000	0.000	0.000	0.000	0.000	0.000	0.000	0.000	233500	233872	11506	234	789	1	1	
1	23	15	5	1	4000	2500	2000	2	351531	******	3	5	1	5	3	1	1032.000	6500.000	7532.000	1	1	-1	5	3	1	3	5	0	5032.000	5160.000	5398.000	5838.000	6058.000	0.000	0.000	0.000	245000	245382	8506	246	296	1	1	
1	24	15	1	1	4000	2500	2000	2	111111	******	1	1	1	1	1	1	330.000	1400.000	1730.000	0	0	2	1	1	1	1	1	1	4330.000	4604.000	4842.000	5098.000	5348.000	5598.000	0.000	0.000	253500	253892	8506	254	804	1	0	
1	25	15	6	1	6000	2500	1000	2	513153	******	5	1	3	1	5	3	414.000	1872.000	2286.000	0	0	2	5	1	3	1	5	3	6414.000	6670.000	6900.000	7468.000	7820.000	8138.000	0.000	0.000	262000	262401	9506	263	309	1	0	
1	26	15	6	0	6000	2500	1000	2	513153	******	5	1	3	1	5	3	0.000	0.000	0.000	0	0	1	0	0	0	0	0	0	0.000	0.000	0.000	0.000	0.000	0.000	0.000	0.000	271500	271912	9506	272	818	1	1	
1	27	15	5	0	6000	2500	1000	2	351531	******	3	5	1	5	3	1	0.000	0.000	0.000	0	0	1	0	0	0	0	0	0	0.000	0.000	0.000	0.000	0.000	0.000	0.000	0.000	281000	281422	9506	282	323	1	1	
1	28	15	1	0	4000	2500	2000	2	111111	******	1	1	1	1	1	1	0.000	0.000	0.000	0	0	1	0	0	0	0	0	0	0.000	0.000	0.000	0.000	0.000	0.000	0.000	0.000	290500	290932	8506	291	830	1	0	
1	29	15	3	1	4000	2500	1000	2	555555	******	5	5	5	5	5	5	420.000	1344.000	1764.000	0	0	2	5	5	5	5	5	5	4420.000	4668.000	4922.000	5168.000	5410.000	5656.000	0.000	0.000	299000	299442	7506	300	338	1	0	
1	30	15	4	0	8000	2500	1000	2	135315	******	1	3	5	3	1	5	0.000	0.000	0.000	0	0	1	0	0	0	0	0	0	0.000	0.000	0.000	0.000	0.000	0.000	0.000	0.000	306500	306952	21506	307	845	1	1	
2	1	15	2	1	4000	2500	1000	2	333333	******	3	3	3	3	3	3	532.000	1372.000	1904.000	0	0	2	3	3	3	3	3	3	4532.000	4790.000	5046.000	5282.000	5526.000	5780.000	0.000	0.000	10000	10000	7506	10	994	1	0	
2	2	15	3	1	4000	2500	2000	2	555555	******	5	5	5	5	5	5	362.000	1374.000	1736.000	0	0	2	5	5	5	5	5	5	4362.000	4616.000	4858.000	5096.000	5320.000	5580.000	0.000	0.000	17500	17510	8506	18	502	1	0	
2	3	15	6	1	6000	2500	1000	2	513153	******	5	1	3	1	5	3	338.000	1300.000	1638.000	1	0	0	5	1	3	1	5	2	6338.000	6568.000	6812.000	7124.000	7290.000	7494.000	0.000	0.000	26000	26019	9506	27	9	1	0	
2	4	15	5	0	6000	2500	4000	2	351531	******	3	5	1	5	3	1	0.000	0.000	0.000	0	0	1	0	0	0	0	0	0	0.000	0.000	0.000	0.000	0.000	0.000	0.000	0.000	35500	35530	12506	36	516	1	1	
2	5	15	5	0	6000	2500	2000	2	351531	******	3	5	1	5	3	1	0.000	0.000	0.000	0	0	1	0	0	0	0	0	0	0.000	0.000	0.000	0.000	0.000	0.000	0.000	0.000	48000	48040	10506	49	21	1	0	
2	6	15	3	1	6000	2500	1000	2	555555	******	5	5	5	5	5	5	384.000	1280.000	1664.000	0	0	2	5	5	5	5	5	5	6384.000	6612.000	6836.000	7052.000	7272.000	7516.000	0.000	0.000	58500	58552	9506	59	530	1	0	
2	7	15	2	1	4000	2500	2000	2	333333	******	3	3	3	3	3	3	398.000	1266.000	1664.000	0	0	2	3	3	3	3	3	3	4398.000	4624.000	4844.000	5076.000	5346.000	5586.000	0.000	0.000	68000	68062	8506	69	35	1	0	
2	8	15	3	0	4000	2500	1000	2	555555	******	5	5	5	5	5	5	398.000	0.000	398.000	1	1	-1	0	0	0	0	0	0	4398.000	0.000	0.000	0.000	0.000	0.000	0.000	0.000	76500	76572	7506	77	544	1	0	
2	9	15	2	0	6000	2500	16000	2	333333	******	3	3	3	3	3	3	334.000	0.000	334.000	1	1	-1	0	0	0	0	0	0	6334.000	0.000	0.000	0.000	0.000	0.000	0.000	0.000	84000	84083	24506	85	53	1	0	
2	10	15	4	1	4000	2500	4000	2	135315	******	1	3	5	3	1	5	428.000	1382.000	1810.000	0	0	2	1	3	5	3	1	5	4428.000	4704.000	4964.000	5360.000	5514.000	5706.000	0.000	0.000	108500	108594	10506	109	553	1	0	
2	11	15	5	1	4000	2500	2000	2	351531	******	3	5	1	5	3	1	568.000	1432.000	2000.000	0	0	2	3	5	1	5	3	1	4568.000	4852.000	5104.000	5442.000	5600.000	5874.000	0.000	0.000	119000	119104	8506	120	62	1	0	
2	12	15	6	1	4000	2500	1000	2	513153	******	5	1	3	1	5	3	436.000	1220.000	1656.000	0	0	2	5	1	3	1	5	3	4436.000	4710.000	4936.000	5206.000	5336.000	5546.000	0.000	0.000	127500	127614	7506	128	568	1	0	
2	13	15	3	0	6000	2500	1000	2	555555	******	5	5	5	5	5	5	0.000	0.000	0.000	0	0	1	0	0	0	0	0	0	0.000	0.000	0.000	0.000	0.000	0.000	0.000	0.000	135000	135124	9506	136	76	1	0	
2	14	15	1	1	4000	2500	1000	2	111111	******	1	1	1	1	1	1	498.000	1512.000	2010.000	0	0	2	1	1	1	1	1	1	4498.000	4770.000	5024.000	5302.000	5580.000	5862.000	0.000	0.000	144500	144634	7506	145	583	1	0	
2	15	15	1	1	6000	2500	1000	2	111111	******	1	1	1	1	1	1	404.000	1624.000	2028.000	0	0	2	1	1	1	1	1	1	6404.000	6702.000	6972.000	7286.000	7576.000	7912.000	0.000	0.000	152000	152144	9506	153	89	1	0	
2	16	15	5	1	4000	2500	1000	2	351531	******	3	5	1	5	3	1	514.000	1292.000	1806.000	0	0	2	3	5	1	5	3	1	4514.000	4776.000	4996.000	5340.000	5518.000	5674.000	0.000	0.000	161500	161654	7506	162	598	1	0	
2	17	15	6	1	4000	2500	8000	2	513153	******	5	1	3	1	5	3	398.000	1094.000	1492.000	0	0	2	5	1	3	1	5	3	4398.000	4608.000	4812.000	5056.000	5180.000	5372.000	0.000	0.000	169000	169163	14506	170	105	1	0	
2	18	15	1	0	4000	2500	4000	2	111111	******	1	1	1	1	1	1	0.000	0.000	0.000	0	0	1	0	0	0	0	0	0	0.000	0.000	0.000	0.000	0.000	0.000	0.000	0.000	183500	183676	10506	184	611	1	0	
2	19	15	4	1	8000	2500	8000	2	135315	******	1	3	5	3	1	5	488.000	1100.000	1588.000	0	0	2	1	3	5	3	1	5	8488.000	8682.000	8874.000	9178.000	9340.000	9502.000	0.000	0.000	194000	194187	18506	195	119	1	0	
2	20	15	2	1	6000	2500	1000	2	333333	******	3	3	3	3	3	3	380.000	1470.000	1850.000	0	0	2	3	3	3	3	3	3	6380.000	6660.000	6908.000	7178.000	7428.000	7702.000	0.000	0.000	212500	212698	9506	213	624	1	0	
2	21	15	6	0	4000	2500	1000	2	513153	******	5	1	3	1	5	3	2328.000	0.000	2328.000	1	1	-1	0	0	0	0	0	0	4954.000	5596.000	6328.000	0.000	0.000	0.000	0.000	0.000	222000	222207	7506	223	129	1	1	
2	22	15	6	0	8000	2500	1000	2	513153	******	5	1	3	1	5	3	0.000	0.000	0.000	0	0	1	0	0	0	0	0	0	0.000	0.000	0.000	0.000	0.000	0.000	0.000	0.000	229500	229718	11506	230	640	1	0	
2	23	15	1	0	4000	2500	2000	2	111111	******	1	1	1	1	1	1	0.000	0.000	0.000	0	0	1	0	0	0	0	0	0	0.000	0.000	0.000	0.000	0.000	0.000	0.000	0.000	241000	241228	8506	242	146	1	0	
2	24	15	3	1	4000	2500	2000	2	555555	******	5	5	5	5	5	5	422.000	1456.000	1878.000	0	0	2	5	5	5	5	5	5	4422.000	4674.000	4932.000	5214.000	5472.000	5760.000	0.000	0.000	249500	249737	8506	250	651	1	0	
2	25	15	4	0	8000	2500	2000	2	135315	******	1	3	5	3	1	5	0.000	0.000	0.000	0	0	1	0	0	0	0	0	0	0.000	0.000	0.000	0.000	0.000	0.000	0.000	0.000	258000	258247	12506	259	157	1	1	
2	26	15	1	1	4000	2500	2000	2	111111	******	1	1	1	1	1	1	504.000	1576.000	2080.000	0	0	2	1	1	1	1	1	1	4504.000	4786.000	5080.000	5380.000	5654.000	5930.000	0.000	0.000	270500	270757	8506	271	665	1	0	
2	27	15	4	0	4000	2500	1000	2	135315	******	1	3	5	3	1	5	0.000	0.000	0.000	0	0	1	0	0	0	0	0	0	0.000	0.000	0.000	0.000	0.000	0.000	0.000	0.000	279000	279267	7506	280	171	1	1	
2	28	15	4	1	6000	2500	1000	2	135315	******	1	3	5	3	1	5	428.000	1242.000	1670.000	0	0	2	1	3	5	3	1	5	6428.000	6640.000	6862.000	7212.000	7384.000	7576.000	0.000	0.000	286500	286778	9506	287	678	1	0	
2	29	15	2	0	4000	2500	1000	2	333333	******	3	3	3	3	3	3	0.000	0.000	0.000	0	0	1	0	0	0	0	0	0	0.000	0.000	0.000	0.000	0.000	0.000	0.000	0.000	296000	296288	7506	297	186	1	0	
2	30	15	5	1	8000	2500	4000	2	351531	******	3	5	1	5	3	1	582.000	1250.000	1832.000	0	0	2	3	5	1	5	3	1	8582.000	8832.000	9042.000	9322.000	9516.000	9710.000	0.000	0.000	303500	303797	24506	304	693	1	0	
3	1	15	2	1	8000	2500	2000	2	333333	******	3	3	3	3	3	3	396.000	1612.000	2008.000	0	0	2	3	3	3	3	3	3	8396.000	8686.000	8946.000	9260.000	9568.000	9884.000	0.000	0.000	10000	10000	12506	10	998	1	0	
3	2	15	4	0	4000	2500	2000	2	135315	******	1	3	5	3	1	5	0.000	0.000	0.000	0	0	1	0	0	0	0	0	0	0.000	0.000	0.000	0.000	0.000	0.000	0.000	0.000	22500	22510	8506	23	502	1	0	
3	3	15	3	1	4000	2500	8000	2	555555	******	5	5	5	5	5	5	482.000	1472.000	1954.000	0	0	2	5	5	5	5	5	5	4482.000	4724.000	5004.000	5258.000	5514.000	5828.000	0.000	0.000	31000	31020	14506	32	8	1	0	
3	4	15	5	1	6000	2500	4000	2	351531	******	3	5	1	5	3	1	424.000	1378.000	1802.000	0	0	2	3	5	1	5	3	1	6424.000	6704.000	6924.000	7246.000	7436.000	7674.000	0.000	0.000	45500	45530	12506	46	514	1	0	
3	5	15	3	0	4000	2500	1000	2	555555	******	5	5	5	5	5	5	0.000	0.000	0.000	0	0	1	0	0	0	0	0	0	0.000	0.000	0.000	0.000	0.000	0.000	0.000	0.000	58000	58040	7506	59	20	1	0	
3	6	15	6	0	6000	2500	1000	2	513153	******	5	1	3	1	5	3	0.000	0.000	0.000	0	0	1	0	0	0	0	0	0	0.000	0.000	0.000	0.000	0.000	0.000	0.000	0.000	65500	65549	9506	66	527	1	0	
3	7	15	5	0	4000	2500	1000	2	351531	******	3	5	1	5	3	1	0.000	0.000	0.000	0	0	1	0	0	0	0	0	0	0.000	0.000	0.000	0.000	0.000	0.000	0.000	0.000	75000	75062	7506	76	35	1	0	
3	8	15	2	1	6000	2500	2000	2	333333	******	3	3	3	3	3	3	410.000	1570.000	1980.000	0	0	2	3	3	3	3	3	3	6410.000	6704.000	6990.000	7260.000	7558.000	7864.000	0.000	0.000	82500	82572	10506	83	543	1	0	
3	9	15	6	1	4000	2500	1000	2	513153	******	5	1	3	1	5	3	480.000	1350.000	1830.000	0	0	2	5	1	3	1	5	3	4480.000	4792.000	5022.000	5318.000	5514.000	5710.000	0.000	0.000	93000	93082	7506	94	49	1	0	
3	10	15	5	0	8000	2500	1000	2	351531	******	3	5	1	5	3	1	0.000	0.000	0.000	0	0	1	0	0	0	0	0	0	0.000	0.000	0.000	0.000	0.000	0.000	0.000	0.000	100500	100592	11506	101	557	1	0	
3	11	15	4	1	4000	2500	1000	2	135315	******	1	3	5	3	1	5	670.000	1226.000	1896.000	0	0	2	1	3	5	3	1	5	4670.000	4914.000	5110.000	5426.000	5614.000	5776.000	0.000	0.000	112000	112102	7506	113	63	1	0	
3	12	15	1	0	6000	2500	1000	2	111111	******	1	1	1	1	1	1	0.000	0.000	0.000	0	0	1	0	0	0	0	0	0	0.000	0.000	0.000	0.000	0.000	0.000	0.000	0.000	119500	119611	9506	120	571	1	0	
3	13	15	3	1	8000	2500	2000	2	555555	******	5	5	5	5	5	5	530.000	1340.000	1870.000	0	0	2	5	5	5	5	5	5	8530.000	8772.000	9024.000	9260.000	9486.000	9758.000	0.000	0.000	129000	129122	12506	130	78	1	0	
3	14	15	1	0	4000	2500	4000	2	111111	******	1	1	1	1	1	1	0.000	0.000	0.000	0	0	1	0	0	0	0	0	0	0.000	0.000	0.000	0.000	0.000	0.000	0.000	0.000	141500	141632	10506	142	584	1	0	
3	15	15	6	1	4000	2500	1000	2	513153	******	5	1	3	1	5	3	394.000	1496.000	1890.000	0	0	2	5	1	3	1	5	3	4394.000	4694.000	5002.000	5310.000	5534.000	5776.000	0.000	0.000	152000	152141	7506	153	89	1	0	
3	16	15	1	1	6000	2500	1000	2	111111	******	1	1	1	1	1	1	598.000	1600.000	2198.000	0	0	2	1	1	1	1	1	1	6598.000	6850.000	7150.000	7444.000	7756.000	8044.000	0.000	0.000	159500	159652	9506	160	598	1	0	
3	17	15	4	1	8000	2500	2000	2	135315	******	1	3	5	3	1	5	448.000	1176.000	1624.000	0	0	2	1	3	5	3	1	5	8448.000	8664.000	8884.000	9206.000	9394.000	9554.000	0.000	0.000	169000	169162	12506	170	103	1	0	
3	18	15	6	0	4000	2500	2000	2	513153	******	5	1	3	1	5	3	0.000	0.000	0.000	0	0	1	0	0	0	0	0	0	0.000	0.000	0.000	0.000	0.000	0.000	0.000	0.000	181500	181672	8506	182	612	1	0	
3	19	15	2	0	4000	2500	16000	2	333333	******	3	3	3	3	3	3	0.000	0.000	0.000	0	0	1	0	0	0	0	0	0	0.000	0.000	0.000	0.000	0.000	0.000	0.000	0.000	190000	190182	22506	191	116	1	0	
3	20	15	4	1	6000	2500	1000	2	135315	******	1	3	5	3	1	5	456.000	1160.000	1616.000	0	0	2	1	3	5	3	1	5	6456.000	6636.000	6892.000	7196.000	7358.000	7532.000	0.000	0.000	212500	212692	9506	213	620	1	0	
3	21	15	5	1	6000	2500	2000	2	351531	******	3	5	1	5	3	1	468.000	1252.000	1720.000	0	0	2	3	5	1	5	3	1	6468.000	6746.000	6940.000	7222.000	7380.000	7596.000	0.000	0.000	222000	222202	10506	223	126	1	0	
3	22	15	3	1	6000	2500	1000	2	555555	******	5	5	5	5	5	5	426.000	1282.000	1708.000	0	0	2	5	5	5	5	5	5	6426.000	6686.000	6928.000	7118.000	7356.000	7656.000	0.000	0.000	232500	232711	9506	233	631	1	0	
3	23	15	4	0	4000	2500	4000	2	135315	******	1	3	5	3	1	5	0.000	0.000	0.000	0	0	1	0	0	0	0	0	0	0.000	0.000	0.000	0.000	0.000	0.000	0.000	0.000	242000	242222	10506	243	140	1	0	
3	24	15	5	1	4000	2500	1000	2	351531	******	3	5	1	5	3	1	468.000	1144.000	1612.000	0	0	2	3	5	1	5	3	1	4468.000	4704.000	4894.000	5194.000	5310.000	5492.000	0.000	0.000	252500	252732	7506	253	646	1	0	
3	25	15	2	0	4000	2500	1000	2	333333	******	3	3	3	3	3	3	0.000	0.000	0.000	0	0	1	0	0	0	0	0	0	0.000	0.000	0.000	0.000	0.000	0.000	0.000	0.000	260000	260242	7506	261	154	1	0	
3	26	15	2	1	4000	2500	1000	2	333333	******	3	3	3	3	3	3	414.000	1440.000	1854.000	0	0	2	3	3	3	3	3	3	4414.000	4700.000	4948.000	5228.000	5498.000	5756.000	0.000	0.000	267500	267752	7506	268	662	1	0	
3	27	15	3	0	4000	2500	4000	2	555555	******	5	5	5	5	5	5	0.000	0.000	0.000	0	0	1	0	0	0	0	0	0	0.000	0.000	0.000	0.000	0.000	0.000	0.000	0.000	275000	275262	10506	276	168	1	0	
3	28	15	1	1	4000	2500	1000	2	111111	******	1	1	1	1	1	1	592.000	1538.000	2130.000	0	0	2	1	1	1	1	1	1	4592.000	4874.000	5136.000	5396.000	5678.000	5968.000	0.000	0.000	285500	285774	7506	286	675	1	0	
3	29	15	1	1	4000	2500	8000	2	111111	******	1	1	1	1	1	1	558.000	1576.000	2134.000	0	0	2	1	1	1	1	1	1	4558.000	4876.000	5148.000	5440.000	5694.000	5994.000	0.000	0.000	293000	293284	14506	294	183	1	0	
3	30	15	6	1	6000	2500	2000	2	513153	******	5	1	3	1	5	3	438.000	1424.000	1862.000	0	0	2	5	1	3	1	5	3	6438.000	6694.000	6970.000	7310.000	7490.000	7726.000	0.000	0.000	307500	307794	20506	308	688	1	0	
4	1	15	6	0	4000	2500	2000	2	513153	******	5	1	3	1	5	3	0.000	0.000	0.000	0	0	1	0	0	0	0	0	0	0.000	0.000	0.000	0.000	0.000	0.000	0.000	0.000	10000	10000	8506	10	994	1	0	
4	2	15	2	1	4000	2500	2000	2	333333	******	3	3	3	3	3	3	430.000	1450.000	1880.000	0	0	2	3	3	3	3	3	3	4430.000	4712.000	4950.000	5192.000	5456.000	5732.000	0.000	0.000	18500	18509	8506	19	502	1	0	
4	3	15	3	0	6000	2500	1000	2	555555	******	5	5	5	5	5	5	0.000	0.000	0.000	0	0	1	0	0	0	0	0	0	0.000	0.000	0.000	0.000	0.000	0.000	0.000	0.000	27000	27019	9506	28	9	1	0	
4	4	15	1	1	6000	2500	4000	2	111111	******	1	1	1	1	1	1	382.000	1562.000	1944.000	0	0	2	1	1	1	1	1	1	6382.000	6662.000	6912.000	7190.000	7468.000	7772.000	0.000	0.000	36500	36529	12506	37	516	1	0	
4	5	15	5	0	4000	2500	1000	2	351531	******	3	5	1	5	3	1	0.000	0.000	0.000	0	0	1	0	0	0	0	0	0	0.000	0.000	0.000	0.000	0.000	0.000	0.000	0.000	49000	49041	7506	50	22	1	0	
4	6	15	4	0	4000	2500	1000	2	135315	******	1	3	5	3	1	5	0.000	0.000	0.000	0	0	1	0	0	0	0	0	0	0.000	0.000	0.000	0.000	0.000	0.000	0.000	0.000	56500	56552	7506	57	532	1	0	
4	7	15	6	0	6000	2500	16000	2	513153	******	5	1	3	1	5	3	0.000	0.000	0.000	0	0	1	0	0	0	0	0	0	0.000	0.000	0.000	0.000	0.000	0.000	0.000	0.000	64000	64062	24506	65	39	1	0	
4	8	15	6	1	4000	2500	1000	2	513153	******	5	1	3	1	5	3	442.000	1256.000	1698.000	0	0	2	5	1	3	1	5	3	4442.000	4680.000	4932.000	5198.000	5376.000	5568.000	0.000	0.000	88500	88571	7506	89	540	1	0	
4	9	15	5	1	6000	2500	4000	2	351531	******	3	5	1	5	3	1	636.000	1176.000	1812.000	0	0	2	3	5	1	5	3	1	6636.000	6926.000	7100.000	7384.000	7494.000	7682.000	0.000	0.000	96000	96082	12506	97	47	1	1	
4	10	15	2	1	8000	2500	8000	2	333333	******	3	3	3	3	3	3	386.000	1466.000	1852.000	0	0	2	3	3	3	3	3	3	8386.000	8640.000	8878.000	9148.000	9426.000	9732.000	0.000	0.000	108500	108592	18506	109	553	1	0	
4	11	15	1	1	4000	2500	4000	2	111111	******	1	1	1	1	1	1	470.000	1496.000	1966.000	0	0	2	1	1	1	1	1	1	4470.000	4694.000	4960.000	5230.000	5508.000	5802.000	0.000	0.000	127000	127101	10506	128	55	1	0	
4	12	15	4	1	4000	2500	1000	2	135315	******	1	3	5	3	1	5	506.000	1290.000	1796.000	0	0	2	1	3	5	3	1	5	4506.000	4722.000	4998.000	5384.000	5528.000	5654.000	0.000	0.000	137500	137614	7506	138	566	1	0	
4	13	15	3	1	4000	2500	1000	2	555555	******	5	5	5	5	5	5	592.000	1330.000	1922.000	0	0	2	5	5	5	5	5	5	4592.000	4844.000	5082.000	5314.000	5540.000	5810.000	0.000	0.000	145000	145123	7506	146	73	1	0	
4	14	15	4	1	4000	2500	1000	2	135315	******	1	3	5	3	1	5	530.000	1212.000	1742.000	0	0	2	1	3	5	3	1	5	4530.000	4758.000	4944.000	5294.000	5454.000	5606.000	0.000	0.000	152500	152636	7506	153	584	1	0	
4	15	15	1	1	6000	2500	1000	2	111111	******	1	1	1	1	1	1	410.000	1470.000	1880.000	0	0	2	1	1	1	1	1	1	6410.000	6690.000	6934.000	7222.000	7500.000	7776.000	0.000	0.000	160000	160145	9506	161	89	1	0	
4	16	15	2	0	4000	2500	4000	2	333333	******	3	3	3	3	3	3	0.000	0.000	0.000	0	0	1	0	0	0	0	0	0	0.000	0.000	0.000	0.000	0.000	0.000	0.000	0.000	169500	169657	10506	170	599	1	0	
4	17	15	5	1	8000	2500	2000	2	351531	******	3	5	1	5	3	1	572.000	1196.000	1768.000	0	0	2	3	5	1	5	3	1	8572.000	8876.000	9088.000	9372.000	9452.000	9638.000	0.000	0.000	180000	180168	12506	181	106	1	0	
4	18	15	5	1	4000	2500	2000	2	351531	******	3	5	1	5	3	1	442.000	2056.000	2498.000	1	0	0	3	5	1	3	1	1	4442.000	4704.000	4864.000	5204.000	5406.000	6360.000	0.000	0.000	192500	192678	8506	193	612	1	0	
4	19	15	1	0	6000	2500	1000	2	111111	******	1	1	1	1	1	1	0.000	0.000	0.000	0	0	1	0	0	0	0	0	0	0.000	0.000	0.000	0.000	0.000	0.000	0.000	0.000	201000	201187	9506	202	117	1	1	
4	20	15	2	0	4000	2500	1000	2	333333	******	3	3	3	3	3	3	0.000	0.000	0.000	0	0	1	0	0	0	0	0	0	0.000	0.000	0.000	0.000	0.000	0.000	0.000	0.000	210500	210698	7506	211	625	1	0	
4	21	15	5	0	6000	2500	2000	2	351531	******	3	5	1	5	3	1	0.000	0.000	0.000	0	0	1	0	0	0	0	0	0	0.000	0.000	0.000	0.000	0.000	0.000	0.000	0.000	218000	218208	10506	219	132	1	0	
4	22	15	3	1	4000	2500	8000	2	555555	******	5	5	5	5	5	5	452.000	1240.000	1692.000	0	0	2	5	5	5	5	5	5	4452.000	4700.000	4910.000	5108.000	5354.000	5624.000	0.000	0.000	228500	228718	14506	229	640	1	0	
4	23	15	1	0	4000	2500	1000	2	111111	******	1	1	1	1	1	1	0.000	0.000	0.000	0	0	1	0	0	0	0	0	0	0.000	0.000	0.000	0.000	0.000	0.000	0.000	0.000	243000	243228	7506	244	144	1	0	
4	24	15	2	1	4000	2500	1000	2	333333	******	3	3	3	3	3	3	392.000	1418.000	1810.000	0	0	2	3	3	3	3	3	3	4392.000	4658.000	4890.000	5132.000	5380.000	5680.000	0.000	0.000	250500	250737	7506	251	650	1	0	
4	25	15	4	0	6000	2500	1000	2	135315	******	1	3	5	3	1	5	0.000	0.000	0.000	0	0	1	0	0	0	0	0	0	0.000	0.000	0.000	0.000	0.000	0.000	0.000	0.000	258000	258247	9506	259	159	1	0	
4	26	15	6	1	4000	2500	1000	2	513153	******	5	1	3	1	5	3	546.000	1360.000	1906.000	0	0	2	5	1	3	1	5	3	4546.000	4874.000	5080.000	5334.000	5492.000	5644.000	0.000	0.000	267500	267760	7506	268	670	1	0	
4	27	15	3	0	8000	2500	2000	2	555555	******	5	5	5	5	5	5	0.000	0.000	0.000	0	0	1	0	0	0	0	0	0	0.000	0.000	0.000	0.000	0.000	0.000	0.000	0.000	275000	275270	12506	276	174	1	0	
4	28	15	4	1	8000	2500	2000	2	135315	******	1	3	5	3	1	5	506.000	1104.000	1610.000	0	0	2	1	3	5	3	1	5	8506.000	8672.000	8898.000	9212.000	9338.000	9470.000	0.000	0.000	287500	287780	12506	288	680	1	0	
4	29	15	3	1	4000	2500	2000	2	555555	******	5	5	5	5	5	5	390.000	1250.000	1640.000	0	0	2	5	5	5	5	5	5	4390.000	4644.000	4836.000	5052.000	5290.000	5516.000	0.000	0.000	300000	300290	8506	301	186	1	0	
4	30	15	6	1	6000	2500	1000	2	513153	******	5	1	3	1	5	3	396.000	1096.000	1492.000	0	0	2	5	1	3	1	5	3	6396.000	6596.000	6786.000	7040.000	7178.000	7346.000	0.000	0.000	308500	308800	19506	309	694	1	0	
5	1	15	6	1	4000	2500	1000	2	513153	******	5	1	3	1	5	3	410.000	1396.000	1806.000	0	0	2	5	1	3	1	5	3	4410.000	4664.000	4972.000	5304.000	5476.000	5696.000	0.000	0.000	10000	10002	7506	10	996	1	0	
5	2	15	1	1	6000	2500	2000	2	111111	******	1	1	1	1	1	1	422.000	1474.000	1896.000	0	0	2	1	1	1	1	1	1	6422.000	6684.000	6942.000	7210.000	7510.000	7756.000	0.000	0.000	17500	17511	10506	18	502	1	0	
5	3	15	3	0	4000	2500	1000	2	555555	******	5	5	5	5	5	5	0.000	0.000	0.000	0	0	1	0	0	0	0	0	0	0.000	0.000	0.000	0.000	0.000	0.000	0.000	0.000	28000	28021	7506	29	9	1	0	
5	4	15	3	1	6000	2500	1000	2	555555	******	5	5	5	5	5	5	526.000	1858.000	2384.000	0	0	2	5	5	5	5	5	5	6526.000	7002.000	7248.000	7492.000	7758.000	8224.000	0.000	0.000	35500	35531	9506	36	517	1	0	
5	5	15	3	0	4000	2500	1000	2	555555	******	5	5	5	5	5	5	0.000	0.000	0.000	0	0	1	0	0	0	0	0	0	0.000	0.000	0.000	0.000	0.000	0.000	0.000	0.000	45000	45041	7506	46	23	1	0	
5	6	15	2	1	4000	2500	4000	2	333333	******	3	3	3	3	3	3	408.000	1372.000	1780.000	0	0	2	3	3	3	3	3	3	4408.000	4690.000	4928.000	5166.000	5398.000	5660.000	0.000	0.000	52500	52551	10506	53	532	1	1	
5	7	15	5	0	4000	2500	4000	2	351531	******	3	5	1	5	3	1	0.000	0.000	0.000	0	0	1	0	0	0	0	0	0	0.000	0.000	0.000	0.000	0.000	0.000	0.000	0.000	63000	63061	10506	64	38	1	0	
5	8	15	6	1	4000	2500	1000	2	513153	******	5	1	3	1	5	3	396.000	1128.000	1524.000	0	0	2	5	1	3	1	5	3	4396.000	4622.000	4828.000	5102.000	5232.000	5394.000	0.000	0.000	73500	73572	7506	74	544	1	0	
5	9	15	3	1	6000	2500	1000	2	555555	******	5	5	5	5	5	5	468.000	1276.000	1744.000	0	0	2	5	5	5	5	5	5	6468.000	6702.000	6920.000	7144.000	7380.000	7618.000	0.000	0.000	81000	81081	9506	82	51	1	1	
5	10	15	6	0	6000	2500	2000	2	513153	******	5	1	3	1	5	3	0.000	0.000	0.000	0	0	1	0	0	0	0	0	0	0.000	0.000	0.000	0.000	0.000	0.000	0.000	0.000	90500	90591	10506	91	559	1	0	
5	11	15	1	1	8000	2500	8000	2	111111	******	1	1	1	1	1	1	436.000	1484.000	1920.000	0	0	2	1	1	1	1	1	1	8436.000	8704.000	8944.000	9230.000	9516.000	9786.000	0.000	0.000	101000	101102	18506	102	64	1	0	
5	12	15	1	0	4000	2500	1000	2	111111	******	1	1	1	1	1	1	0.000	0.000	0.000	0	0	1	0	0	0	0	0	0	0.000	0.000	0.000	0.000	0.000	0.000	0.000	0.000	119500	119611	7506	120	569	1	0	
5	13	15	4	0	6000	2500	1000	2	135315	******	1	3	5	3	1	5	0.000	0.000	0.000	0	0	1	0	0	0	0	0	0	0.000	0.000	0.000	0.000	0.000	0.000	0.000	0.000	127000	127122	9506	128	76	1	1	
5	14	15	6	0	4000	2500	2000	2	513153	******	5	1	3	1	5	3	0.000	0.000	0.000	0	0	1	0	0	0	0	0	0	0.000	0.000	0.000	0.000	0.000	0.000	0.000	0.000	136500	136631	8506	137	584	1	0	
5	15	15	5	0	4000	2500	16000	2	351531	******	3	5	1	5	3	1	0.000	0.000	0.000	0	0	1	0	0	0	0	0	0	0.000	0.000	0.000	0.000	0.000	0.000	0.000	0.000	145000	145141	22506	146	90	1	0	
5	16	15	3	1	8000	2500	2000	2	555555	******	5	5	5	5	5	5	452.000	1490.000	1942.000	0	0	2	5	5	5	5	5	5	8452.000	8704.000	8900.000	9124.000	9394.000	9644.000	0.000	0.000	167500	167653	12506	168	594	1	1	
5	17	15	5	1	6000	2500	1000	2	351531	******	3	5	1	5	3	1	554.000	1270.000	1824.000	0	0	2	3	5	1	5	3	1	6554.000	6812.000	7006.000	7404.000	7518.000	7690.000	0.000	0.000	180000	180163	9506	181	99	1	0	
5	18	15	4	1	4000	2500	2000	2	135315	******	1	3	5	3	1	5	510.000	1144.000	1654.000	0	0	2	1	3	5	3	1	5	4510.000	4714.000	4894.000	5246.000	5414.000	5542.000	0.000	0.000	189500	189673	8506	190	608	1	1	
5	19	15	2	0	4000	2500	2000	2	333333	******	3	3	3	3	3	3	0.000	0.000	0.000	0	0	1	0	0	0	0	0	0	0.000	0.000	0.000	0.000	0.000	0.000	0.000	0.000	198000	198183	8506	199	114	1	1	
5	20	15	1	1	8000	2500	4000	2	111111	******	1	1	1	1	1	1	882.000	1408.000	2290.000	0	0	2	1	1	1	1	1	1	8882.000	9114.000	9388.000	9636.000	9884.000	10176.000	0.000	0.000	206500	206693	14506	207	621	1	0	
5	21	15	4	1	6000	2500	1000	2	135315	******	1	3	5	3	1	5	446.000	1316.000	1762.000	0	0	2	1	3	5	3	1	5	6446.000	6698.000	6856.000	7342.000	7518.000	7636.000	0.000	0.000	221000	221203	9506	222	126	1	1	
5	22	15	5	1	8000	2500	1000	2	351531	******	3	5	1	5	3	1	508.000	1064.000	1572.000	0	0	2	3	5	1	5	3	1	8508.000	8704.000	8902.000	9188.000	9268.000	9446.000	0.000	0.000	230500	230713	11506	231	632	1	1	
5	23	15	6	1	4000	2500	2000	2	513153	******	5	1	3	1	5	3	482.000	1070.000	1552.000	0	0	2	5	1	3	1	5	3	4482.000	4724.000	4890.000	5128.000	5236.000	5420.000	0.000	0.000	242000	242223	8506	243	140	1	0	
5	24	15	2	0	6000	2500	1000	2	333333	******	3	3	3	3	3	3	0.000	0.000	0.000	0	0	1	0	0	0	0	0	0	0.000	0.000	0.000	0.000	0.000	0.000	0.000	0.000	250500	250733	9506	251	648	1	0	
5	25	15	4	1	4000	2500	8000	2	135315	******	1	3	5	3	1	5	540.000	1080.000	1620.000	0	0	2	1	3	5	3	1	5	4540.000	4726.000	4886.000	5194.000	5366.000	5458.000	0.000	0.000	260000	260243	14506	261	153	1	1	
5	26	15	5	1	6000	2500	1000	2	351531	******	3	5	1	5	3	1	528.000	1026.000	1554.000	0	0	2	3	5	1	5	3	1	6528.000	6728.000	6880.000	7116.000	7230.000	7412.000	0.000	0.000	274500	274754	9506	275	658	1	1	
5	27	15	2	1	4000	2500	2000	2	333333	******	3	3	3	3	3	3	478.000	1356.000	1834.000	0	0	2	3	3	3	3	3	3	4478.000	4740.000	4968.000	5200.000	5440.000	5694.000	0.000	0.000	284000	284264	8506	285	166	1	0	
5	28	15	1	0	4000	2500	1000	2	111111	******	1	1	1	1	1	1	0.000	0.000	0.000	0	0	1	0	0	0	0	0	0	0.000	0.000	0.000	0.000	0.000	0.000	0.000	0.000	292500	292773	7506	293	672	1	0	
5	29	15	4	0	4000	2500	1000	2	135315	******	1	3	5	3	1	5	0.000	0.000	0.000	0	0	1	0	0	0	0	0	0	0.000	0.000	0.000	0.000	0.000	0.000	0.000	0.000	300000	300283	7506	301	177	1	0	
5	30	15	2	1	4000	2500	4000	2	333333	******	3	3	3	3	3	3	508.000	1434.000	1942.000	0	0	2	3	3	3	3	3	3	4508.000	4780.000	5024.000	5264.000	5506.000	5804.000	0.000	0.000	307500	307793	20506	308	685	1	0	
6	1	15	6	0	4000	2500	1000	2	513153	******	5	1	3	1	5	3	0.000	0.000	0.000	0	0	1	0	0	0	0	0	0	0.000	0.000	0.000	0.000	0.000	0.000	0.000	0.000	10000	10000	7506	10	996	1	0	
6	2	15	2	0	4000	2500	1000	2	333333	******	3	3	3	3	3	3	0.000	0.000	0.000	0	0	1	0	0	0	0	0	0	0.000	0.000	0.000	0.000	0.000	0.000	0.000	0.000	17500	17510	7506	18	504	1	0	
6	3	15	2	0	6000	2500	4000	2	333333	******	3	3	3	3	3	3	0.000	0.000	0.000	0	0	1	0	0	0	0	0	0	0.000	0.000	0.000	0.000	0.000	0.000	0.000	0.000	25000	25020	12506	26	10	1	0	
6	4	15	1	0	4000	2500	8000	2	111111	******	1	1	1	1	1	1	0.000	0.000	0.000	0	0	1	0	0	0	0	0	0	0.000	0.000	0.000	0.000	0.000	0.000	0.000	0.000	37500	37530	14506	38	516	1	0	
6	5	15	4	1	8000	2500	1000	2	135315	******	1	3	5	3	1	5	514.000	1162.000	1676.000	0	0	2	1	3	5	3	1	5	8514.000	8734.000	8940.000	9278.000	9470.000	9582.000	0.000	0.000	52000	52039	11506	53	20	1	0	
6	6	15	3	0	4000	2500	1000	2	555555	******	5	5	5	5	5	5	0.000	0.000	0.000	0	0	1	0	0	0	0	0	0	0.000	0.000	0.000	0.000	0.000	0.000	0.000	0.000	63500	63550	7506	64	528	1	0	
6	7	15	5	1	4000	2500	1000	2	351531	******	3	5	1	5	3	1	712.000	1134.000	1846.000	0	0	2	3	5	1	5	3	1	4712.000	4964.000	5154.000	5446.000	5516.000	5684.000	0.000	0.000	71000	71063	7506	72	37	1	0	
6	8	15	2	1	4000	2500	2000	2	333333	******	3	3	3	3	3	3	550.000	1422.000	1972.000	0	0	2	3	3	3	3	3	3	4550.000	4796.000	5040.000	5312.000	5590.000	5846.000	0.000	0.000	78500	78574	8506	79	546	1	0	
6	9	15	5	0	4000	2500	2000	2	351531	******	3	5	1	5	3	1	0.000	0.000	0.000	0	0	1	0	0	0	0	0	0	0.000	0.000	0.000	0.000	0.000	0.000	0.000	0.000	87000	87083	8506	88	53	1	0	
6	10	15	5	1	6000	2500	1000	2	351531	******	3	5	1	5	3	1	600.000	1462.000	2062.000	0	0	2	3	5	1	5	3	1	6600.000	6854.000	7116.000	7606.000	7744.000	7904.000	0.000	0.000	95500	95593	9506	96	559	1	0	
6	11	15	5	1	4000	2500	2000	2	351531	******	3	5	1	5	3	1	498.000	1206.000	1704.000	0	0	2	3	5	1	5	3	1	4498.000	4730.000	4928.000	5288.000	5416.000	5580.000	0.000	0.000	105000	105104	8506	106	68	1	0	
6	12	15	4	1	6000	2500	1000	2	135315	******	1	3	5	3	1	5	494.000	984.000	1478.000	0	0	2	1	3	5	3	1	5	6494.000	6628.000	6814.000	7128.000	7266.000	7346.000	0.000	0.000	113500	113615	9506	114	575	1	0	
6	13	15	2	1	6000	2500	2000	2	333333	******	3	3	3	3	3	3	342.000	1366.000	1708.000	0	0	2	3	3	3	3	3	3	6342.000	6598.000	6838.000	7092.000	7344.000	7612.000	0.000	0.000	123000	123126	10506	124	83	1	0	
6	14	15	6	0	6000	2500	8000	2	513153	******	5	1	3	1	5	3	0.000	0.000	0.000	0	0	1	0	0	0	0	0	0	0.000	0.000	0.000	0.000	0.000	0.000	0.000	0.000	133500	133636	16506	134	590	1	0	
6	15	15	3	1	6000	2500	1000	2	555555	******	5	5	5	5	5	5	552.000	1536.000	2088.000	0	0	2	5	5	5	5	5	5	6552.000	6798.000	7078.000	7370.000	7676.000	7976.000	0.000	0.000	150000	150146	9506	151	93	1	1	
6	16	15	4	1	4000	2500	1000	2	135315	******	1	3	5	3	1	5	454.000	1150.000	1604.000	0	0	2	1	3	5	3	1	5	4454.000	4670.000	4870.000	5230.000	5354.000	5470.000	0.000	0.000	159500	159656	7506	160	600	1	0	
6	17	15	1	1	4000	2500	2000	2	111111	******	1	1	1	1	1	1	588.000	1360.000	1948.000	0	0	2	1	1	1	1	1	1	4588.000	4864.000	5112.000	5360.000	5578.000	5836.000	0.000	0.000	167000	167165	8506	168	108	1	0	
6	18	15	1	1	4000	2500	1000	2	111111	******	1	1	1	1	1	1	434.000	1560.000	1994.000	0	0	2	1	1	1	1	1	1	4434.000	4706.000	4990.000	5262.000	5554.000	5822.000	0.000	0.000	175500	175676	7506	176	616	1	0	
6	19	15	1	0	4000	2500	4000	2	111111	******	1	1	1	1	1	1	0.000	0.000	0.000	0	0	1	0	0	0	0	0	0	0.000	0.000	0.000	0.000	0.000	0.000	0.000	0.000	183000	183186	10506	184	121	1	0	
6	20	15	6	1	4000	2500	1000	2	513153	******	5	1	3	1	5	3	398.000	1144.000	1542.000	0	0	2	5	1	3	1	5	3	4398.000	4596.000	4824.000	5092.000	5230.000	5424.000	0.000	0.000	193500	193696	7506	194	630	1	0	
6	21	15	4	0	8000	2500	1000	2	135315	******	1	3	5	3	1	5	0.000	0.000	0.000	0	0	1	0	0	0	0	0	0	0.000	0.000	0.000	0.000	0.000	0.000	0.000	0.000	201000	201206	11506	202	136	1	0	
6	22	15	3	0	4000	2500	4000	2	555555	******	5	5	5	5	5	5	0.000	0.000	0.000	0	0	1	0	0	0	0	0	0	0.000	0.000	0.000	0.000	0.000	0.000	0.000	0.000	212500	212718	10506	213	646	1	0	
6	23	15	2	1	4000	2500	1000	2	333333	******	3	3	3	3	3	3	476.000	1426.000	1902.000	0	0	2	3	3	3	3	3	3	4476.000	4742.000	5008.000	5264.000	5514.000	5788.000	0.000	0.000	223000	223227	7506	224	151	1	0	
6	24	15	6	1	8000	2500	1000	2	513153	******	5	1	3	1	5	3	420.000	1200.000	1620.000	0	0	2	5	1	3	1	5	3	8420.000	8678.000	8928.000	9160.000	9320.000	9492.000	0.000	0.000	230500	230737	11506	231	660	1	0	
6	25	15	3	1	6000	2500	1000	2	555555	******	5	5	5	5	5	5	484.000	1300.000	1784.000	0	0	2	5	5	5	5	5	5	6484.000	6746.000	6966.000	7184.000	7400.000	7650.000	0.000	0.000	242000	242248	9506	243	164	1	0	
6	26	15	3	1	6000	2500	2000	2	555555	******	5	5	5	5	5	5	518.000	1382.000	1900.000	0	0	2	5	5	5	5	5	5	6518.000	6764.000	6992.000	7232.000	7502.000	7760.000	0.000	0.000	251500	251759	10506	252	671	1	0	
6	27	15	5	0	4000	2500	2000	2	351531	******	3	5	1	5	3	1	642.000	0.000	642.000	1	1	-1	0	0	0	0	0	0	4568.000	4642.000	0.000	0.000	0.000	0.000	0.000	0.000	262000	262269	8506	263	181	1	0	
6	28	15	1	1	6000	2500	16000	2	111111	******	1	1	1	1	1	1	520.000	1570.000	2090.000	0	0	2	1	1	1	1	1	1	6520.000	6764.000	7054.000	7360.000	7652.000	7936.000	0.000	0.000	270500	270780	24506	271	688	1	0	
6	29	15	6	1	8000	2500	2000	2	513153	******	5	1	3	1	5	3	390.000	1204.000	1594.000	0	0	2	5	1	3	1	5	3	8390.000	8612.000	8844.000	9146.000	9282.000	9474.000	0.000	0.000	295000	295290	12506	296	190	1	0	
6	30	15	4	0	4000	2500	4000	2	135315	******	1	3	5	3	1	5	0.000	0.000	0.000	0	0	1	0	0	0	0	0	0	0.000	0.000	0.000	0.000	0.000	0.000	0.000	0.000	307500	307800	20506	308	694	1	0	
7	1	15	5	1	6000	2500	1000	2	351531	******	3	5	1	5	3	1	478.000	1240.000	1718.000	0	0	2	3	5	1	5	3	1	6478.000	6696.000	6910.000	7222.000	7418.000	7530.000	0.000	0.000	10000	10001	9506	10	995	1	0	
7	2	15	3	0	6000	2500	4000	2	555555	******	5	5	5	5	5	5	0.000	0.000	0.000	0	0	1	0	0	0	0	0	0	0.000	0.000	0.000	0.000	0.000	0.000	0.000	0.000	19500	19512	12506	20	502	1	0	
7	3	15	2	1	4000	2500	1000	2	333333	******	3	3	3	3	3	3	404.000	1676.000	2080.000	0	0	2	3	3	3	3	3	3	4404.000	4656.000	4926.000	5212.000	5470.000	5754.000	0.000	0.000	32000	32021	7506	33	7	1	0	
7	4	15	4	1	6000	2500	4000	2	135315	******	1	3	5	3	1	5	466.000	1168.000	1634.000	0	0	2	1	3	5	3	1	5	6466.000	6664.000	6860.000	7214.000	7376.000	7494.000	0.000	0.000	39500	39531	12506	40	516	1	0	
7	5	15	3	0	4000	2500	1000	2	555555	******	5	5	5	5	5	5	0.000	0.000	0.000	0	0	1	0	0	0	0	0	0	0.000	0.000	0.000	0.000	0.000	0.000	0.000	0.000	52000	52041	7506	53	22	1	0	
7	6	15	4	1	8000	2500	2000	2	135315	******	1	3	5	3	1	5	522.000	1074.000	1596.000	0	0	2	1	3	5	3	1	5	8522.000	8744.000	8902.000	9218.000	9382.000	9488.000	0.000	0.000	59500	59551	12506	60	529	1	0	
7	7	15	5	0	8000	2500	2000	2	351531	******	3	5	1	5	3	1	0.000	0.000	0.000	0	0	1	0	0	0	0	0	0	0.000	0.000	0.000	0.000	0.000	0.000	0.000	0.000	72000	72061	12506	73	36	1	1	
7	8	15	5	0	6000	2500	1000	2	351531	******	3	5	1	5	3	1	848.000	0.000	848.000	1	1	-1	0	0	0	0	0	0	6848.000	0.000	0.000	0.000	0.000	0.000	0.000	0.000	84500	84572	9506	85	542	1	0	
7	9	15	2	0	4000	2500	4000	2	333333	******	3	3	3	3	3	3	0.000	0.000	0.000	0	0	1	0	0	0	0	0	0	0.000	0.000	0.000	0.000	0.000	0.000	0.000	0.000	94000	94081	10506	95	47	1	0	
7	10	15	1	1	4000	2500	1000	2	111111	******	1	1	1	1	1	1	598.000	1526.000	2124.000	0	0	2	1	1	1	1	1	1	4598.000	4836.000	5102.000	5384.000	5660.000	5954.000	0.000	0.000	104500	104591	7506	105	553	1	0	
7	11	15	6	1	4000	2500	2000	2	513153	******	5	1	3	1	5	3	538.000	1588.000	2126.000	0	0	2	5	1	3	1	5	3	4538.000	4734.000	4970.000	5196.000	5338.000	5990.000	0.000	0.000	112000	112101	8506	113	59	1	0	
7	12	15	6	1	4000	2500	1000	2	513153	******	5	1	3	1	5	3	408.000	1066.000	1474.000	0	0	2	5	1	3	1	5	3	4408.000	4624.000	4818.000	5044.000	5168.000	5360.000	0.000	0.000	120500	120611	7506	121	568	1	0	
7	13	15	6	0	4000	2500	1000	2	513153	******	5	1	3	1	5	3	0.000	0.000	0.000	0	0	1	0	0	0	0	0	0	0.000	0.000	0.000	0.000	0.000	0.000	0.000	0.000	128000	128121	7506	129	73	1	0	
7	14	15	6	0	6000	2500	2000	2	513153	******	5	1	3	1	5	3	0.000	0.000	0.000	0	0	1	0	0	0	0	0	0	0.000	0.000	0.000	0.000	0.000	0.000	0.000	0.000	135500	135632	10506	136	584	1	1	
7	15	15	2	1	6000	2500	1000	2	333333	******	3	3	3	3	3	3	378.000	1464.000	1842.000	0	0	2	3	3	3	3	3	3	6378.000	6680.000	6934.000	7198.000	7458.000	7712.000	0.000	0.000	146000	146141	9506	147	90	1	0	
7	16	15	1	1	8000	2500	8000	2	111111	******	1	1	1	1	1	1	562.000	1630.000	2192.000	0	0	2	1	1	1	1	1	1	8562.000	8812.000	9070.000	9404.000	9710.000	10016.000	0.000	0.000	155500	155651	18506	156	595	1	0	
7	17	15	4	0	6000	2500	1000	2	135315	******	1	3	5	3	1	5	0.000	0.000	0.000	0	0	1	0	0	0	0	0	0	0.000	0.000	0.000	0.000	0.000	0.000	0.000	0.000	174000	174161	9506	175	99	1	0	
7	18	15	4	1	6000	2500	1000	2	135315	******	1	3	5	3	1	5	500.000	1112.000	1612.000	0	0	2	1	3	5	3	1	5	6500.000	6778.000	6944.000	7266.000	7432.000	7482.000	0.000	0.000	183500	183671	9506	184	605	1	0	
7	19	15	3	1	4000	2500	1000	2	555555	******	5	5	5	5	5	5	616.000	1526.000	2142.000	0	0	2	5	5	5	5	5	5	4616.000	4890.000	5158.000	5446.000	5738.000	6006.000	0.000	0.000	193000	193181	7506	194	113	1	1	
7	20	15	5	1	4000	2500	8000	2	351531	******	3	5	1	5	3	1	484.000	1184.000	1668.000	0	0	2	3	5	1	5	3	1	4484.000	4714.000	4892.000	5222.000	5350.000	5498.000	0.000	0.000	200500	200691	14506	201	619	1	0	
7	21	15	3	1	4000	2500	4000	2	555555	******	5	5	5	5	5	5	504.000	1480.000	1984.000	0	0	2	5	5	5	5	5	5	4504.000	4750.000	4996.000	5256.000	5564.000	5854.000	0.000	0.000	215000	215202	10506	216	126	1	0	
7	22	15	2	1	4000	2500	1000	2	333333	******	3	3	3	3	3	3	496.000	1478.000	1974.000	0	0	2	3	3	3	3	3	3	4496.000	4750.000	5016.000	5306.000	5582.000	5842.000	0.000	0.000	225500	225712	7506	226	634	1	0	
7	23	15	1	0	4000	2500	1000	2	111111	******	1	1	1	1	1	1	0.000	0.000	0.000	0	0	1	0	0	0	0	0	0	0.000	0.000	0.000	0.000	0.000	0.000	0.000	0.000	233000	233221	7506	234	139	1	1	
7	24	15	2	0	4000	2500	2000	2	333333	******	3	3	3	3	3	3	610.000	0.000	610.000	1	1	-1	0	0	0	0	0	0	4610.000	0.000	0.000	0.000	0.000	0.000	0.000	0.000	240500	240732	8506	241	648	1	1	
7	25	15	4	0	4000	2500	2000	2	135315	******	1	3	5	3	1	5	0.000	0.000	0.000	0	0	1	0	0	0	0	0	0	0.000	0.000	0.000	0.000	0.000	0.000	0.000	0.000	249000	249241	8506	250	154	1	0	
7	26	15	1	0	8000	2500	2000	2	111111	******	1	1	1	1	1	1	0.000	0.000	0.000	0	0	1	0	0	0	0	0	0	0.000	0.000	0.000	0.000	0.000	0.000	0.000	0.000	257500	257752	12506	258	662	1	0	
7	27	15	6	1	6000	2500	1000	2	513153	******	5	1	3	1	5	3	390.000	1046.000	1436.000	0	0	2	5	1	3	1	5	3	6390.000	6592.000	6802.000	7036.000	7148.000	7328.000	0.000	0.000	270000	270262	9506	271	166	1	0	
7	28	15	3	1	4000	2500	2000	2	555555	******	5	5	5	5	5	5	664.000	1448.000	2112.000	0	0	2	5	5	5	5	5	5	4664.000	4930.000	5176.000	5426.000	5704.000	5966.000	0.000	0.000	279500	279771	8506	280	675	1	1	
7	29	15	5	1	4000	2500	1000	2	351531	******	3	5	1	5	3	1	538.000	1180.000	1718.000	0	0	2	3	5	1	5	3	1	4538.000	4764.000	4946.000	5256.000	5436.000	5560.000	0.000	0.000	288000	288281	7506	289	181	1	0	
7	30	15	1	1	4000	2500	16000	2	111111	******	1	1	1	1	1	1	530.000	1526.000	2056.000	0	0	2	1	1	1	1	1	1	4530.000	4790.000	5046.000	5322.000	5616.000	5902.000	0.000	0.000	295500	295791	32506	296	689	1	0	
8	1	15	1	1	6000	2500	1000	2	111111	******	1	1	1	1	1	1	448.000	1600.000	2048.000	0	0	2	1	1	1	1	1	1	6448.000	6742.000	7008.000	7302.000	7580.000	7882.000	0.000	0.000	10000	10001	9506	10	998	1	0	
8	2	15	6	1	6000	2500	2000	2	513153	******	5	1	3	1	5	3	388.000	1170.000	1558.000	0	0	2	5	1	3	1	5	3	6388.000	6616.000	6850.000	7114.000	7232.000	7438.000	0.000	0.000	19500	19511	10506	20	506	1	0	
8	3	15	6	0	4000	2500	1000	2	513153	******	5	1	3	1	5	3	0.000	0.000	0.000	0	0	1	0	0	0	0	0	0	0.000	0.000	0.000	0.000	0.000	0.000	0.000	0.000	30000	30023	7506	31	13	1	0	
8	4	15	5	1	4000	2500	2000	2	351531	******	3	5	1	5	3	1	744.000	1166.000	1910.000	0	0	2	3	5	1	5	3	1	4744.000	4990.000	5152.000	5456.000	5554.000	5728.000	0.000	0.000	37500	37533	8506	38	520	1	0	
8	5	15	4	1	4000	2500	1000	2	135315	******	1	3	5	3	1	5	694.000	1040.000	1734.000	0	0	2	1	3	5	3	1	5	4694.000	4824.000	5008.000	5326.000	5494.000	5594.000	0.000	0.000	46000	46043	7506	47	29	1	0	
8	6	15	4	1	4000	2500	1000	2	135315	******	1	3	5	3	1	5	714.000	1032.000	1746.000	0	0	2	1	3	5	3	1	5	4714.000	4846.000	5022.000	5366.000	5538.000	5618.000	0.000	0.000	53500	53553	7506	54	535	1	1	
8	7	15	3	1	4000	2500	2000	2	555555	******	5	5	5	5	5	5	500.000	1390.000	1890.000	0	0	2	5	5	5	5	5	5	4500.000	4750.000	4986.000	5202.000	5462.000	5728.000	0.000	0.000	61000	61063	8506	62	41	1	0	
8	8	15	4	0	4000	2500	4000	2	135315	******	1	3	5	3	1	5	0.000	0.000	0.000	0	0	1	0	0	0	0	0	0	0.000	0.000	0.000	0.000	0.000	0.000	0.000	0.000	69500	69573	10506	70	549	1	0	
8	9	15	2	0	6000	2500	4000	2	333333	******	3	3	3	3	3	3	0.000	0.000	0.000	0	0	1	0	0	0	0	0	0	0.000	0.000	0.000	0.000	0.000	0.000	0.000	0.000	80000	80087	12506	81	60	1	0	
8	10	15	3	0	6000	2500	1000	2	555555	******	5	5	5	5	5	5	0.000	0.000	0.000	0	0	1	0	0	0	0	0	0	0.000	0.000	0.000	0.000	0.000	0.000	0.000	0.000	92500	92597	9506	93	566	1	0	
8	11	15	4	1	4000	2500	2000	2	135315	******	1	3	5	3	1	5	688.000	1198.000	1886.000	0	0	2	1	3	5	3	1	5	4688.000	4910.000	5084.000	5502.000	5658.000	5734.000	0.000	0.000	102000	102109	8506	103	75	1	0	
8	12	15	4	0	4000	2500	1000	2	135315	******	1	3	5	3	1	5	0.000	0.000	0.000	0	0	1	0	0	0	0	0	0	0.000	0.000	0.000	0.000	0.000	0.000	0.000	0.000	110500	110619	7506	111	581	1	0	
8	13	15	5	0	8000	2500	1000	2	351531	******	3	5	1	5	3	1	0.000	0.000	0.000	0	0	1	0	0	0	0	0	0	0.000	0.000	0.000	0.000	0.000	0.000	0.000	0.000	118000	118129	11506	119	87	1	1	
8	14	15	1	1	4000	2500	1000	2	111111	******	1	1	1	1	1	1	442.000	1598.000	2040.000	0	0	2	1	1	1	1	1	1	4442.000	4704.000	4980.000	5300.000	5600.000	5872.000	0.000	0.000	129500	129639	7506	130	595	1	0	
8	15	15	1	1	6000	2500	2000	2	111111	******	1	1	1	1	1	1	642.000	1566.000	2208.000	0	0	2	1	1	1	1	1	1	6642.000	6908.000	7192.000	7462.000	7756.000	8036.000	0.000	0.000	137000	137150	10506	138	103	1	0	
8	16	15	1	0	6000	2500	1000	2	111111	******	1	1	1	1	1	1	962.000	0.000	962.000	1	1	-1	0	0	0	0	0	0	6962.000	0.000	0.000	0.000	0.000	0.000	0.000	0.000	147500	147659	9506	148	609	1	1	
8	17	15	1	0	4000	2500	1000	2	111111	******	1	1	1	1	1	1	0.000	0.000	0.000	0	0	1	0	0	0	0	0	0	0.000	0.000	0.000	0.000	0.000	0.000	0.000	0.000	157000	157169	7506	158	116	1	0	
8	18	15	5	1	4000	2500	1000	2	351531	******	3	5	1	5	3	1	644.000	1282.000	1926.000	0	0	2	3	5	1	5	3	1	4644.000	4894.000	5126.000	5476.000	5626.000	5802.000	0.000	0.000	164500	164679	7506	165	623	1	0	
8	19	15	2	1	4000	2500	1000	2	333333	******	3	3	3	3	3	3	512.000	1398.000	1910.000	0	0	2	3	3	3	3	3	3	4512.000	4776.000	5022.000	5270.000	5544.000	5820.000	0.000	0.000	172000	172189	7506	173	129	1	0	
8	20	15	6	0	4000	2500	8000	2	513153	******	5	1	3	1	5	3	0.000	0.000	0.000	0	0	1	0	0	0	0	0	0	0.000	0.000	0.000	0.000	0.000	0.000	0.000	0.000	179500	179700	14506	180	638	1	0	
8	21	15	5	1	6000	2500	8000	2	351531	******	3	5	1	5	3	1	552.000	1364.000	1916.000	0	0	2	3	5	1	5	3	1	6552.000	6820.000	7034.000	7442.000	7612.000	7758.000	0.000	0.000	194000	194209	16506	195	143	1	0	
8	22	15	3	0	4000	2500	4000	2	555555	******	5	5	5	5	5	5	0.000	0.000	0.000	0	0	1	0	0	0	0	0	0	0.000	0.000	0.000	0.000	0.000	0.000	0.000	0.000	210500	210719	10506	211	648	1	0	
8	23	15	6	1	8000	2500	4000	2	513153	******	5	1	3	1	5	3	386.000	1196.000	1582.000	0	0	2	5	1	3	1	5	3	8386.000	8646.000	8840.000	9170.000	9308.000	9486.000	0.000	0.000	221000	221229	14506	222	153	1	0	
8	24	15	5	0	8000	2500	1000	2	351531	******	3	5	1	5	3	1	0.000	0.000	0.000	0	0	1	0	0	0	0	0	0	0.000	0.000	0.000	0.000	0.000	0.000	0.000	0.000	235500	235739	11506	236	661	1	0	
8	25	15	3	1	4000	2500	16000	2	555555	******	5	5	5	5	5	5	416.000	1460.000	1876.000	0	0	2	5	5	5	5	5	5	4416.000	4658.000	4908.000	5200.000	5448.000	5726.000	0.000	0.000	247000	247251	22506	248	168	1	0	
8	26	15	3	1	4000	2500	2000	2	555555	******	5	5	5	5	5	5	402.000	1474.000	1876.000	0	0	2	5	5	5	5	5	5	4402.000	4692.000	4938.000	5208.000	5448.000	5750.000	0.000	0.000	269500	269761	8506	270	669	1	0	
8	27	15	2	1	6000	2500	2000	2	333333	******	3	3	3	3	3	3	394.000	1476.000	1870.000	0	0	2	3	3	3	3	3	3	6394.000	6692.000	6942.000	7204.000	7466.000	7750.000	0.000	0.000	278000	278271	10506	279	178	1	0	
8	28	15	6	1	6000	2500	1000	2	513153	******	5	1	3	1	5	3	450.000	1132.000	1582.000	0	0	2	5	1	3	1	5	3	6450.000	6674.000	6892.000	7152.000	7266.000	7466.000	0.000	0.000	288500	288781	9506	289	684	1	1	
8	29	15	2	1	8000	2500	1000	2	333333	******	3	3	3	3	3	3	388.000	1554.000	1942.000	0	0	2	3	3	3	3	3	3	8388.000	8660.000	8906.000	9178.000	9468.000	9778.000	0.000	0.000	298000	298292	11506	299	192	1	1	
8	30	15	2	0	4000	2500	2000	2	333333	******	3	3	3	3	3	3	70.000	0.000	70.000	1	1	-1	0	0	0	0	0	0	4070.000	0.000	0.000	0.000	0.000	0.000	0.000	0.000	309500	309801	18506	310	696	1	1	
9	1	15	6	1	4000	2500	4000	2	513153	******	5	1	3	1	5	3	540.000	1128.000	1668.000	0	0	2	5	1	3	1	5	3	4540.000	4756.000	4954.000	5200.000	5348.000	5534.000	0.000	0.000	10000	10000	10506	10	994	1	0	
9	2	15	3	1	6000	2500	2000	2	555555	******	5	5	5	5	5	5	396.000	1400.000	1796.000	0	0	2	5	5	5	5	5	5	6396.000	6662.000	6906.000	7170.000	7406.000	7660.000	0.000	0.000	20500	20510	10506	21	501	1	0	
9	3	15	3	0	4000	2500	1000	2	555555	******	5	5	5	5	5	5	0.000	0.000	0.000	0	0	1	0	0	0	0	0	0	0.000	0.000	0.000	0.000	0.000	0.000	0.000	0.000	31000	31020	7506	32	7	1	0	
9	4	15	4	1	4000	2500	1000	2	135315	******	1	3	5	3	1	5	634.000	1214.000	1848.000	0	0	2	1	3	5	3	1	5	4634.000	4838.000	5046.000	5516.000	5648.000	5730.000	0.000	0.000	38500	38530	7506	39	515	1	0	
9	5	15	1	0	4000	2500	1000	2	111111	******	1	1	1	1	1	1	0.000	0.000	0.000	0	0	1	0	0	0	0	0	0	0.000	0.000	0.000	0.000	0.000	0.000	0.000	0.000	46000	46040	7506	47	22	1	0	
9	6	15	1	1	4000	2500	8000	2	111111	******	1	1	1	1	1	1	1054.000	1404.000	2458.000	0	0	2	1	1	1	1	1	1	5054.000	5290.000	5544.000	5792.000	6044.000	6296.000	0.000	0.000	53500	53550	14506	54	529	1	0	
9	7	15	4	1	4000	2500	4000	2	135315	******	1	3	5	3	1	5	558.000	1072.000	1630.000	0	0	2	1	3	5	3	1	5	4558.000	4768.000	4948.000	5268.000	5420.000	5474.000	0.000	0.000	68000	68060	10506	69	36	1	0	
9	8	15	4	0	4000	2500	2000	2	135315	******	1	3	5	3	1	5	0.000	0.000	0.000	0	0	1	0	0	0	0	0	0	0.000	0.000	0.000	0.000	0.000	0.000	0.000	0.000	78500	78572	8506	79	544	1	0	
9	9	15	4	1	4000	2500	2000	2	135315	******	1	3	5	3	1	5	558.000	1000.000	1558.000	0	0	2	1	3	5	3	1	5	4558.000	4686.000	4874.000	5188.000	5354.000	5422.000	0.000	0.000	87000	87082	8506	88	51	1	0	
9	10	15	2	0	8000	2500	1000	2	333333	******	3	3	3	3	3	3	0.000	0.000	0.000	0	0	1	0	0	0	0	0	0	0.000	0.000	0.000	0.000	0.000	0.000	0.000	0.000	95500	95592	11506	96	558	1	1	
9	11	15	6	0	6000	2500	1000	2	513153	******	5	1	3	1	5	3	0.000	0.000	0.000	0	0	1	0	0	0	0	0	0	0.000	0.000	0.000	0.000	0.000	0.000	0.000	0.000	107000	107102	9506	108	64	1	1	
9	12	15	5	1	8000	2500	1000	2	351531	******	3	5	1	5	3	1	578.000	1284.000	1862.000	0	0	2	3	5	1	5	3	1	8578.000	8770.000	8956.000	9418.000	9566.000	9710.000	0.000	0.000	116500	116612	11506	117	571	1	1	
9	13	15	6	0	4000	2500	1000	2	513153	******	5	1	3	1	5	3	0.000	0.000	0.000	0	0	1	0	0	0	0	0	0	0.000	0.000	0.000	0.000	0.000	0.000	0.000	0.000	128000	128122	7506	129	77	1	0	
9	14	15	5	0	4000	2500	1000	2	351531	******	3	5	1	5	3	1	0.000	0.000	0.000	0	0	1	0	0	0	0	0	0	0.000	0.000	0.000	0.000	0.000	0.000	0.000	0.000	135500	135632	7506	136	583	1	0	
9	15	15	1	0	4000	2500	1000	2	111111	******	1	1	1	1	1	1	0.000	0.000	0.000	0	0	1	0	0	0	0	0	0	0.000	0.000	0.000	0.000	0.000	0.000	0.000	0.000	143000	143142	7506	144	92	1	0	
9	16	15	3	1	8000	2500	2000	2	555555	******	5	5	5	5	5	5	598.000	1436.000	2034.000	0	0	2	5	5	5	5	5	5	8598.000	8860.000	9090.000	9368.000	9592.000	9876.000	0.000	0.000	150500	150652	12506	151	598	1	0	
9	17	15	2	1	4000	2500	1000	2	333333	******	3	3	3	3	3	3	446.000	1778.000	2224.000	0	0	2	3	3	3	3	3	3	4446.000	4702.000	4936.000	5226.000	5496.000	6034.000	0.000	0.000	163000	163161	7506	164	106	1	0	
9	18	15	3	1	6000	2500	1000	2	555555	******	5	5	5	5	5	5	406.000	1552.000	1958.000	0	0	2	5	5	5	5	5	5	6406.000	6692.000	6946.000	7232.000	7516.000	7794.000	0.000	0.000	170500	170672	9506	171	613	1	0	
9	19	15	4	0	4000	2500	2000	2	135315	******	1	3	5	3	1	5	0.000	0.000	0.000	0	0	1	0	0	0	0	0	0	0.000	0.000	0.000	0.000	0.000	0.000	0.000	0.000	180000	180182	8506	181	120	1	0	
9	20	15	6	1	8000	2500	4000	2	513153	******	5	1	3	1	5	3	418.000	1124.000	1542.000	0	0	2	5	1	3	1	5	3	8418.000	8674.000	8860.000	9144.000	9244.000	9430.000	0.000	0.000	188500	188694	14506	189	630	1	0	
9	21	15	6	1	4000	2500	2000	2	513153	******	5	1	3	1	5	3	474.000	1050.000	1524.000	0	0	2	5	1	3	1	5	3	4474.000	4670.000	4850.000	5130.000	5222.000	5400.000	0.000	0.000	203000	203204	8506	204	134	1	0	
9	22	15	2	0	4000	2500	1000	2	333333	******	3	3	3	3	3	3	272.000	0.000	272.000	1	1	-1	0	0	0	0	0	0	4272.000	0.000	0.000	0.000	0.000	0.000	0.000	0.000	211500	211714	7506	212	642	1	0	
9	23	15	2	1	4000	2500	4000	2	333333	******	3	3	3	3	3	3	502.000	1528.000	2030.000	0	0	2	3	3	3	3	3	3	4502.000	4756.000	5010.000	5298.000	5546.000	5854.000	0.000	0.000	219000	219224	10506	220	150	1	1	
9	24	15	5	1	6000	2500	2000	2	351531	******	3	5	1	5	3	1	558.000	1186.000	1744.000	0	0	2	3	5	1	5	3	1	6558.000	6784.000	7020.000	7312.000	7468.000	7660.000	0.000	0.000	229500	229734	10506	230	655	1	1	
9	25	15	1	1	6000	2500	8000	2	111111	******	1	1	1	1	1	1	616.000	1452.000	2068.000	0	0	2	1	1	1	1	1	1	6616.000	6780.000	7028.000	7302.000	7598.000	7892.000	0.000	0.000	240000	240244	16506	241	161	1	0	
9	26	15	3	0	6000	2500	1000	2	555555	******	5	5	5	5	5	5	0.000	0.000	0.000	0	0	1	0	0	0	0	0	0	0.000	0.000	0.000	0.000	0.000	0.000	0.000	0.000	256500	256754	9506	257	666	1	0	
9	27	15	2	1	6000	2500	16000	2	333333	******	3	3	3	3	3	3	536.000	1562.000	2098.000	0	0	2	3	3	3	3	3	3	6536.000	6796.000	7078.000	7366.000	7636.000	7924.000	0.000	0.000	266000	266263	24506	267	171	1	0	
9	28	15	5	1	4000	2500	1000	2	351531	******	3	5	1	5	3	1	500.000	1336.000	1836.000	0	0	2	3	5	1	5	3	1	4500.000	4776.000	4986.000	5388.000	5532.000	5688.000	0.000	0.000	290500	290774	7506	291	673	1	0	
9	29	15	5	0	6000	2500	2000	2	351531	******	3	5	1	5	3	1	0.000	0.000	0.000	0	0	1	0	0	0	0	0	0	0.000	0.000	0.000	0.000	0.000	0.000	0.000	0.000	298000	298284	10506	299	181	1	0	
9	30	15	1	1	6000	2500	1000	2	111111	******	1	1	1	1	1	1	496.000	1632.000	2128.000	0	0	2	1	1	1	1	1	1	6496.000	6794.000	7070.000	7372.000	7672.000	7958.000	0.000	0.000	308500	308794	19506	309	689	1	0	
10	1	15	3	1	6000	2500	2000	2	555555	******	5	5	5	5	5	5	430.000	1662.000	2092.000	0	0	2	5	5	5	5	5	5	6430.000	6720.000	6994.000	7312.000	7608.000	7898.000	0.000	0.000	10000	10000	10506	10	996	1	0	
10	2	15	1	1	4000	2500	1000	2	111111	******	1	1	1	1	1	1	504.000	1632.000	2136.000	0	0	2	1	1	1	1	1	1	4504.000	4750.000	5032.000	5346.000	5652.000	5948.000	0.000	0.000	20500	20509	7506	21	501	1	0	
10	3	15	2	0	4000	2500	1000	2	333333	******	3	3	3	3	3	3	0.000	0.000	0.000	0	0	1	0	0	0	0	0	0	0.000	0.000	0.000	0.000	0.000	0.000	0.000	0.000	28000	28019	7506	29	7	1	0	
10	4	15	1	0	4000	2500	1000	2	111111	******	1	1	1	1	1	1	0.000	0.000	0.000	0	0	1	0	0	0	0	0	0	0.000	0.000	0.000	0.000	0.000	0.000	0.000	0.000	35500	35529	7506	36	515	1	0	
10	5	15	4	1	4000	2500	1000	2	135315	******	1	3	5	3	1	5	652.000	1224.000	1876.000	0	0	2	1	3	5	3	1	5	4652.000	4962.000	5142.000	5530.000	5702.000	5812.000	0.000	0.000	43000	43040	7506	44	22	1	0	
10	6	15	5	1	4000	2500	1000	2	351531	******	3	5	1	5	3	1	610.000	1090.000	1700.000	0	0	2	3	5	1	5	3	1	4610.000	4842.000	5054.000	5312.000	5436.000	5586.000	0.000	0.000	50500	50549	7506	51	530	1	0	
10	7	15	6	1	4000	2500	1000	2	513153	******	5	1	3	1	5	3	454.000	1178.000	1632.000	0	0	2	5	1	3	1	5	3	4454.000	4706.000	4868.000	5206.000	5338.000	5516.000	0.000	0.000	58000	58061	7506	59	39	1	0	
10	8	15	4	1	8000	2500	1000	2	135315	******	1	3	5	3	1	5	500.000	1088.000	1588.000	0	0	2	1	3	5	3	1	5	8500.000	8700.000	8866.000	9212.000	9386.000	9462.000	0.000	0.000	65500	65571	11506	66	545	1	1	
10	9	15	3	1	6000	2500	1000	2	555555	******	5	5	5	5	5	5	420.000	1744.000	2164.000	0	0	2	5	5	5	5	5	5	6420.000	6680.000	6934.000	7222.000	7728.000	7978.000	0.000	0.000	77000	77081	9506	78	53	1	1	
10	10	15	4	1	8000	2500	1000	2	135315	******	1	3	5	3	1	5	496.000	998.000	1494.000	0	0	2	1	3	5	3	1	5	8496.000	8682.000	8846.000	9152.000	9296.000	9346.000	0.000	0.000	86500	86591	11506	87	560	1	0	
10	11	15	3	1	4000	2500	1000	2	555555	******	5	5	5	5	5	5	692.000	1336.000	2028.000	0	0	2	5	5	5	5	5	5	4692.000	4940.000	5170.000	5386.000	5604.000	5850.000	0.000	0.000	98000	98101	7506	99	65	1	0	
10	12	15	2	1	4000	2500	2000	2	333333	******	3	3	3	3	3	3	488.000	1468.000	1956.000	0	0	2	3	3	3	3	3	3	4488.000	4740.000	4998.000	5248.000	5516.000	5778.000	0.000	0.000	105500	105612	8506	106	576	1	1	
10	13	15	2	0	4000	2500	1000	2	333333	******	3	3	3	3	3	3	0.000	0.000	0.000	0	0	1	0	0	0	0	0	0	0.000	0.000	0.000	0.000	0.000	0.000	0.000	0.000	114000	114122	7506	115	79	1	0	
10	14	15	6	0	4000	2500	1000	2	513153	******	5	1	3	1	5	3	0.000	0.000	0.000	0	0	1	0	0	0	0	0	0	0.000	0.000	0.000	0.000	0.000	0.000	0.000	0.000	121500	121631	7506	122	589	1	0	
10	15	15	4	0	8000	2500	8000	2	135315	******	1	3	5	3	1	5	0.000	0.000	0.000	0	0	1	0	0	0	0	0	0	0.000	0.000	0.000	0.000	0.000	0.000	0.000	0.000	129000	129141	18506	130	96	1	0	
10	16	15	6	1	4000	2500	2000	2	513153	******	5	1	3	1	5	3	418.000	1104.000	1522.000	0	0	2	5	1	3	1	5	3	4418.000	4676.000	4852.000	5106.000	5200.000	5392.000	0.000	0.000	147500	147652	8506	148	600	1	0	
10	17	15	5	0	6000	2500	4000	2	351531	******	3	5	1	5	3	1	898.000	0.000	898.000	1	1	-1	0	0	0	0	0	0	6364.000	6408.000	6720.000	6798.000	6898.000	0.000	0.000	0.000	156000	156162	12506	157	107	1	0	
10	18	15	3	0	6000	2500	8000	2	555555	******	5	5	5	5	5	5	0.000	0.000	0.000	0	0	1	0	0	0	0	0	0	0.000	0.000	0.000	0.000	0.000	0.000	0.000	0.000	168500	168672	16506	169	611	1	1	
10	19	15	3	0	4000	2500	16000	2	555555	******	5	5	5	5	5	5	0.000	0.000	0.000	0	0	1	0	0	0	0	0	0	0.000	0.000	0.000	0.000	0.000	0.000	0.000	0.000	185000	185182	22506	186	118	1	0	
10	20	15	5	0	8000	2500	1000	2	351531	******	3	5	1	5	3	1	0.000	0.000	0.000	0	0	1	0	0	0	0	0	0	0.000	0.000	0.000	0.000	0.000	0.000	0.000	0.000	207500	207692	11506	208	619	1	0	
10	21	15	2	1	6000	2500	1000	2	333333	******	3	3	3	3	3	3	502.000	1434.000	1936.000	0	0	2	3	3	3	3	3	3	6502.000	6818.000	7038.000	7292.000	7528.000	7788.000	0.000	0.000	219000	219202	9506	220	126	1	0	
10	22	15	1	0	6000	2500	2000	2	111111	******	1	1	1	1	1	1	572.000	0.000	572.000	1	1	-1	0	0	0	0	0	0	6254.000	6572.000	0.000	0.000	0.000	0.000	0.000	0.000	228500	228712	10506	229	632	1	0	
10	23	15	6	0	6000	2500	4000	2	513153	******	5	1	3	1	5	3	0.000	0.000	0.000	0	0	1	0	0	0	0	0	0	0.000	0.000	0.000	0.000	0.000	0.000	0.000	0.000	239000	239222	12506	240	140	1	0	
10	24	15	5	1	6000	2500	1000	2	351531	******	3	5	1	5	3	1	640.000	1154.000	1794.000	0	0	2	3	5	1	5	3	1	6640.000	6898.000	7108.000	7378.000	7496.000	7636.000	0.000	0.000	251500	251731	9506	252	645	1	0	
10	25	15	6	1	4000	2500	2000	2	513153	******	5	1	3	1	5	3	588.000	1336.000	1924.000	0	0	2	5	1	3	1	5	3	4588.000	4786.000	4962.000	5242.000	5568.000	5776.000	0.000	0.000	261000	261242	8506	262	152	1	0	
10	26	15	1	1	4000	2500	2000	2	111111	******	1	1	1	1	1	1	692.000	1436.000	2128.000	0	0	2	1	1	1	1	1	1	4692.000	4966.000	5222.000	5458.000	5708.000	5980.000	0.000	0.000	269500	269752	8506	270	660	1	0	
10	27	15	2	1	4000	2500	4000	2	333333	******	3	3	3	3	3	3	526.000	1356.000	1882.000	0	0	2	3	3	3	3	3	3	4526.000	4776.000	5010.000	5248.000	5490.000	5734.000	0.000	0.000	278000	278262	10506	279	166	1	0	
10	28	15	5	1	6000	2500	2000	2	351531	******	3	5	1	5	3	1	552.000	1026.000	1578.000	0	0	2	3	5	1	5	3	1	6552.000	6732.000	6936.000	7180.000	7294.000	7444.000	0.000	0.000	288500	288772	10506	289	672	1	0	
10	29	15	4	0	4000	2500	2000	2	135315	******	1	3	5	3	1	5	0.000	0.000	0.000	0	0	1	0	0	0	0	0	0	0.000	0.000	0.000	0.000	0.000	0.000	0.000	0.000	299000	299281	8506	300	179	1	0	
10	30	15	1	1	4000	2500	4000	2	111111	******	1	1	1	1	1	1	692.000	1452.000	2144.000	0	0	2	1	1	1	1	1	1	4692.000	4972.000	5240.000	5484.000	5758.000	5998.000	0.000	0.000	307500	307791	20506	308	685	1	0	
